300	545
305	550
310	555
315	560
320	565
325	570
330	575
335	580
340	585
345	590
350	595
355	600
360	605	525
365	610
370	615
375	620
380	625
385	630
390	635	573
395	640
400	645
390	635	533
380	625
370	615
360	605
350	595	442
340	585
330	575
320	565
310	555
300	545	490
290	535
280	525
270	515
260	505
250	495	407
240	485
230	475
220	465	354
220	465
220	465
220	465
220	465
220	465
220	465	279
220	465
220	465
220	465
220	465
220	465
220	465
220	465	414
220	465
220	465
220	465
233	478
223	478	300
213	478
203	478
193	478
183	478
173	478
163	478
170	478
177	478	268
184	478
191	478
198	478
205	478
212	478	386
219	478
226	478
233	478
240	478
250	495
255	500
260	505
265	510	358
270	515
275	520
280	525
285	530	419
290	535
295	540
300	545
305	550
310	555
315	560
320	565
325	570
330	575	515
335	580
340	585
345	590
350	595
355	600
360	605	461
365	610
370	615
375	620
380	625
385	630
390	635
395	640	481
400	645
390	635
380	625
370	615	469
360	605
350	595
340	585
330	575
320	565
310	555
300	545
290	535
280	525	351
270	515
260	505
250	495
240	485	376
230	475
220	465
220	465
220	465
220	465
220	465
220	465
220	465
220	465	413
220	465
220	465
220	465
220	465
220	465
220	465	347
220	465
220	465
220	465
233	478
223	478
213	478
203	478	272
193	478
183	478
173	478
163	478	407
170	478
177	478
184	478
191	478	390
198	478
205	478
212	478
219	478
226	478	276
233	478
240	478
250	495
255	500	417
260	505
265	510
270	515
275	520	362
280	525
285	530
290	535
295	540
300	545	442
305	550
310	555
315	560
320	565	451
325	570
330	575
335	580
340	585
345	590
350	595
355	600
360	605
365	610	493
370	615
375	620
380	625
385	630
390	635	469
395	640
400	645
390	635
380	625
370	615
360	605
350	595
340	585	400
330	575
320	565
310	555
300	545
290	535	373
280	525
270	515
260	505
250	495
240	485
230	475
220	465
220	465	299
220	465
220	465
220	465
220	465	369
220	465
220	465
220	465
220	465
220	465
220	465
220	465
220	465
220	465	405
220	465
220	465
233	478
223	478	367
213	478
203	478
193	478
183	478
173	478
163	478
170	478
177	478
184	478	293
191	478
198	478
205	478
212	478
219	478	395
226	478	416
233	478
240	478
250	495
255	500
260	505
265	510
270	515	385
275	520
280	525
285	530
290	535
295	540
300	545
305	550
310	555
315	560
320	565
325	570
330	575
335	580	388
340	585
345	590
350	595
355	600
360	605
365	610
370	615
375	620
380	625
385	630
390	635
395	640
400	645	459
390	635
380	625
370	615
360	605
350	595
340	585
330	575
320	565
310	555
300	545
290	535
280	525
270	515	445
260	505
250	495
240	485
230	475
220	465
220	465	317
220	465
220	465
220	465
220	465
220	465
220	465
220	465
220	465
220	465
220	465
220	465
220	465	305
220	465
220	465
220	465
233	478
223	478
213	478
203	478
193	478	352
183	478
173	478
163	478
170	478
177	478	308
184	478
191	478
198	478
205	478
212	478
219	478
226	478
233	478	338
240	478
250	495
255	500
260	505
265	510	320
270	515
275	520
280	525
285	530
290	535
295	540
300	545
305	550	545
310	555
315	560
320	565
325	570
330	575
335	580
340	585
345	590
350	595
355	600
360	605
365	610
370	615	394
375	620
380	625
385	630
390	635
395	640
400	645	516
390	635
380	625
370	615
360	605
350	595
340	585
330	575	541
320	565
310	555
300	545
290	535
280	525
270	515
260	505	345
250	495
240	485
230	475
220	465
220	465
220	465	375
220	465
220	465
220	465
220	465
220	465
220	465	354
220	465
220	465
220	465
220	465
220	465
220	465
220	465	400
220	465
233	478
223	478
213	478
203	478	360
193	478
183	478
173	478
163	478
170	478
177	478
184	478
191	478	415
198	478
205	478
212	478
219	478
226	478
233	478
240	478	421
250	495
255	500
260	505
265	510
270	515
275	520	347
280	525
285	530
290	535
295	540
300	545
305	550
310	555
315	560
320	565	433
325	570
330	575
335	580
340	585
345	590
350	595
355	600
360	605
365	610
370	615	468
375	620
380	625
385	630
390	635
395	640
400	645	510
390	635
380	625
370	615
360	605
350	595
340	585
330	575	414
320	565
310	555
300	545
290	535
280	525	408
270	515
260	505
250	495
240	485
230	475
220	465
220	465
220	465	289
220	465
220	465
220	465
220	465
220	465
220	465
220	465
220	465
220	465
220	465
220	465
220	465
