110	480
115	470
120	460
125	450
130	440
135	430
140	420
145	410
150	400
155	390
160	380
165	370	283
170	360
175	350
175	370
175	390
175	410
175	430
175	450	394
175	470
175	490
185	485
195	480
205	475
215	470
225	465
235	460
245	455
255	450
265	445
275	440
275	440
275	440	375
275	440
275	440
275	440
270	435
265	430
260	425
255	420
250	415
245	410
240	405
235	400
230	395
225	390
220	385
215	380
210	375
205	370
200	365	254
195	360
190	355
185	350
180	345
175	340
170	335
180	345 300
190	355
200	365
210	375
220	385
230	395
240	405
250	415
260	425	332
270	435
280	445
290	455
300	465
310	475
320	485	412
330	495
340	505
335	492
330	479
325	466
320	453
315	440
310	450	395
305	460
300	470
295	480
290	490
285	500
270	490
255	480
240	470	400
225	460
210	450
195	440
180	430
165	420
150	410
135	400
120	390
105	380
105	375	260
105	370
105	365
105	360
105	355
105	350
105	345
105	340
105	335
105	330
105	325
105	320
105	315
105	310
105	305
105	300	235
110	310
115	320
120	330
125	340
130	350
135	360	199
140	370
145	380
150	390
155	400
160	410
165	420
170	430
175	440	309
180	450
185	460
190	470
195	480
200	490
205	500
210	510	395
215	520
220	530
225	540
230	550
235	560
240	570
245	580
250	590	536
255	600
260	610
265	620
270	630
275	640
280	650
280	660	442
280	650	398
280	640	531
280	630	415
280	620	392
280	610
280	600	541
280	590
280	580	349
280	570	390
280	560
280	550
290	555
300	560
310	565
320	570
330	575
340	580
350	585	508
360	590
365	585
370	580
375	575
380	570
385	565
390	560
385	560
380	560
375	560	503
370	555
365	550
360	545
355	540
350	535
345	530
340	525
335	520
330	515
325	510
320	505
315	500
310	495	377
305	490
300	485
295	480
290	475
285	470
280	465
275	460
270	455
265	450
260	445
255	440
250	435	346
245	430
240	425
235	420
230	430
235	440
240	450
245	460
250	470	393
255	480
260	490
265	500
270	510
275	520 300
280	530
285	540
290	550
295	560
280	555
265	550
250	540
235	530	421
220	520
205	510
205	500
215	490
225	480
235	470
245	460
255	450
265	445
275	440
275	440
275	440	328
275	440
275	440
275	440
270	435
265	430
260	425
255	420	335
250	415
245	410
240	405
235	400
230	395
225	390
220	385
215	380
210	375
205	370
200	365
205	375
210	385
215	395
220	405
225	415
230	425
235	435
240	445	352
245	455
250	455
255	455
260	455
265	455
270	455
275	445
275	440
275	440
270	435
265	430
260	425
255	420
250	415
245	410
240	405
235	400
230	395
225	390
220	385
215	380
210	375
205	370
200	365	284
195	360
190	355
185	350
180	345
175	340
170	335
180	345
190	355
200	365
210	375
220	385
230	395
240	405
250	415
260	425
270	435
280	445
290	455
300	465
310	475
320	485
330	495
340	505
335	492
330	479
325	466
320	453
315	440
310	450	385
305	460
300	470
295	480
290	490
285	500
270	490
255	480
240	470
225	460
210	450
195	440
180	430
165	420
150	410
135	400
120	390
105	380
105	375	233
105	370
105	365
105	360
105	355
105	350
105	345
105	340
105	335
105	330
105	325
105	320
105	315
105	310
105	305
105	300	247
110	310
115	320
120	330
125	340
130	350
135	360
140	370
145	380
150	390
155	400
160	410
165	420
170	430
175	440	315
180	450
185	460
190	470
195	480
200	490
205	500
210	510
215	520
220	530
225	540
230	550
235	560
240	570
245	580
250	590	475
255	600
260	610
265	620
270	630
275	640
280	650
280	660	584
280	650	451
280	640
280	630	362
280	620	392
280	610
280	600	364
280	590
280	580
280	570	511
280	560
280	550
290	555
300	560
310	565
320	570
330	575
340	580
350	585
360	590
365	585
370	580
375	575
380	570
385	565
390	560
385	560
380	560
375	560	454
370	555
365	550
360	545
355	540
350	535
345	530
340	525
335	520
330	515
325	510
320	505
315	500
310	495
305	490
300	485	373
295	480
290	475
285	470
280	465
275	460
270	455
265	450
260	445
255	440
250	435	359
245	430
240	425
235	420
230	430
235	440
240	450
245	460
250	470	386
255	480
260	490
265	500
270	510
275	520
280	530
285	540
290	550
295	560
280	555
265	550
250	540
235	530	428
220	520
205	510
205	500
215	490
225	480
235	570
245	560
255	450
265	445
275	440
275	440
275	440	355
275	440
275	440
275	440
270	435
265	430
260	425
255	420	361
250	415
245	410
240	405
235	400
230	395
225	390
220	385
215	380
210	375
205	370
200	365
205	375	255
210	385
215	395
220	405
225	415
230	425
235	435
240	445
245	455
250	465
255	475
260	485
265	495
270	505
275	515
